{
 "cells": [
  {
   "cell_type": "code",
   "execution_count": 1,
   "id": "f3329ec4-d0ed-4f56-a59b-4aa63f63a85c",
   "metadata": {},
   "outputs": [],
   "source": [
    "from tensorflow.keras.layers import Input, Conv2D, Lambda, Dense, Flatten, MaxPooling2D, Activation, Dropout\n",
    "from tensorflow.keras.models import Model, Sequential\n",
    "from tensorflow.keras import backend as K\n",
    "from tensorflow.keras.regularizers import l2, l1\n",
    "from tensorflow.keras.optimizers import Adam\n",
    "import matplotlib.pyplot as plt\n",
    "import numpy as np\n",
    "import pandas as pd\n",
    "import glob\n",
    "from bin_time_mz import bin_time\n",
    "%matplotlib inline"
   ]
  },
  {
   "cell_type": "code",
   "execution_count": 2,
   "id": "96c8a330-b069-4bef-837a-61acb462c8b0",
   "metadata": {},
   "outputs": [],
   "source": [
    "import tensorflow as tf\n",
    "from tensorflow.keras import *"
   ]
  },
  {
   "cell_type": "markdown",
   "id": "650afdf7-ab9d-4fc7-b39f-f6bbdc6b5848",
   "metadata": {},
   "source": [
    "# Load the Model"
   ]
  },
  {
   "cell_type": "code",
   "execution_count": 3,
   "id": "56c2a7df-0fc7-4238-8c7f-e8e2d19048b5",
   "metadata": {},
   "outputs": [
    {
     "name": "stderr",
     "output_type": "stream",
     "text": [
      "2023-06-20 06:53:43.679855: I tensorflow/core/platform/cpu_feature_guard.cc:151] This TensorFlow binary is optimized with oneAPI Deep Neural Network Library (oneDNN) to use the following CPU instructions in performance-critical operations:  AVX2 FMA\n",
      "To enable them in other operations, rebuild TensorFlow with the appropriate compiler flags.\n",
      "2023-06-20 06:53:46.787441: I tensorflow/core/common_runtime/gpu/gpu_device.cc:1525] Created device /job:localhost/replica:0/task:0/device:GPU:0 with 14639 MB memory:  -> device: 0, name: Tesla V100-PCIE-16GB, pci bus id: 0000:82:00.0, compute capability: 7.0\n"
     ]
    }
   ],
   "source": [
    "my_model = tf.keras.models.load_model('siamese.h5')"
   ]
  },
  {
   "cell_type": "markdown",
   "id": "902df657-75db-4ce8-8aeb-4f033c7c3007",
   "metadata": {},
   "source": [
    "# Load the Data"
   ]
  },
  {
   "cell_type": "code",
   "execution_count": 5,
   "id": "633addee-e766-4b32-bacd-498338de6906",
   "metadata": {},
   "outputs": [],
   "source": [
    "table = {}\n",
    "\n",
    "for i in glob.glob(\"applicability_data/*_ms1.csv\"):\n",
    "    \n",
    "    df = pd.read_csv(i, index_col=0)\n",
    "    binned = bin_time(df, rt_window=1, mz_window=1.0005079)\n",
    "    table[i.replace(\"applicability_data/\",\"\").replace(\"_ms1.csv\", \"\")] = binned\n",
    "    "
   ]
  },
  {
   "cell_type": "code",
   "execution_count": 6,
   "id": "b7fdcaef-cda5-47fd-bb10-489724fecfa1",
   "metadata": {},
   "outputs": [],
   "source": [
    "df = pd.DataFrame(table).transpose()\n",
    "df = df.apply(lambda x: x/x.max(), axis=1)\n",
    "df = df.drop(columns=[i for i in range(0,100)])"
   ]
  },
  {
   "cell_type": "code",
   "execution_count": 7,
   "id": "33d3f19d-a244-4eae-9594-8509240b665f",
   "metadata": {},
   "outputs": [
    {
     "data": {
      "text/html": [
       "<div>\n",
       "<style scoped>\n",
       "    .dataframe tbody tr th:only-of-type {\n",
       "        vertical-align: middle;\n",
       "    }\n",
       "\n",
       "    .dataframe tbody tr th {\n",
       "        vertical-align: top;\n",
       "    }\n",
       "\n",
       "    .dataframe thead th {\n",
       "        text-align: right;\n",
       "    }\n",
       "</style>\n",
       "<table border=\"1\" class=\"dataframe\">\n",
       "  <thead>\n",
       "    <tr style=\"text-align: right;\">\n",
       "      <th></th>\n",
       "      <th>PID1</th>\n",
       "      <th>PID2</th>\n",
       "      <th>Jaccard_Index</th>\n",
       "    </tr>\n",
       "  </thead>\n",
       "  <tbody>\n",
       "    <tr>\n",
       "      <th>0</th>\n",
       "      <td>PXD009723</td>\n",
       "      <td>PXD012225</td>\n",
       "      <td>0.000000</td>\n",
       "    </tr>\n",
       "    <tr>\n",
       "      <th>1</th>\n",
       "      <td>PXD024547</td>\n",
       "      <td>PXD009514</td>\n",
       "      <td>0.000000</td>\n",
       "    </tr>\n",
       "    <tr>\n",
       "      <th>2</th>\n",
       "      <td>PXD011076</td>\n",
       "      <td>PXD009514</td>\n",
       "      <td>0.001123</td>\n",
       "    </tr>\n",
       "    <tr>\n",
       "      <th>3</th>\n",
       "      <td>PXD020717</td>\n",
       "      <td>PXD009514</td>\n",
       "      <td>0.001162</td>\n",
       "    </tr>\n",
       "    <tr>\n",
       "      <th>4</th>\n",
       "      <td>PXD012225</td>\n",
       "      <td>PXD009514</td>\n",
       "      <td>0.002165</td>\n",
       "    </tr>\n",
       "    <tr>\n",
       "      <th>...</th>\n",
       "      <td>...</td>\n",
       "      <td>...</td>\n",
       "      <td>...</td>\n",
       "    </tr>\n",
       "    <tr>\n",
       "      <th>100</th>\n",
       "      <td>PXD026646</td>\n",
       "      <td>PXD014228</td>\n",
       "      <td>0.111277</td>\n",
       "    </tr>\n",
       "    <tr>\n",
       "      <th>101</th>\n",
       "      <td>PXD003153</td>\n",
       "      <td>PXD004076</td>\n",
       "      <td>0.114413</td>\n",
       "    </tr>\n",
       "    <tr>\n",
       "      <th>102</th>\n",
       "      <td>PXD027280</td>\n",
       "      <td>PXD011981</td>\n",
       "      <td>0.144389</td>\n",
       "    </tr>\n",
       "    <tr>\n",
       "      <th>103</th>\n",
       "      <td>PXD014228</td>\n",
       "      <td>PXD011981</td>\n",
       "      <td>0.194747</td>\n",
       "    </tr>\n",
       "    <tr>\n",
       "      <th>104</th>\n",
       "      <td>PXD027280</td>\n",
       "      <td>PXD014228</td>\n",
       "      <td>0.216575</td>\n",
       "    </tr>\n",
       "  </tbody>\n",
       "</table>\n",
       "<p>105 rows × 3 columns</p>\n",
       "</div>"
      ],
      "text/plain": [
       "          PID1       PID2  Jaccard_Index\n",
       "0    PXD009723  PXD012225       0.000000\n",
       "1    PXD024547  PXD009514       0.000000\n",
       "2    PXD011076  PXD009514       0.001123\n",
       "3    PXD020717  PXD009514       0.001162\n",
       "4    PXD012225  PXD009514       0.002165\n",
       "..         ...        ...            ...\n",
       "100  PXD026646  PXD014228       0.111277\n",
       "101  PXD003153  PXD004076       0.114413\n",
       "102  PXD027280  PXD011981       0.144389\n",
       "103  PXD014228  PXD011981       0.194747\n",
       "104  PXD027280  PXD014228       0.216575\n",
       "\n",
       "[105 rows x 3 columns]"
      ]
     },
     "execution_count": 7,
     "metadata": {},
     "output_type": "execute_result"
    }
   ],
   "source": [
    "test = pd.read_csv(\"applicability_data/similarity_pairs_psms.txt\")\n",
    "test"
   ]
  },
  {
   "cell_type": "code",
   "execution_count": null,
   "id": "7ad3d77b-deb8-46ad-bc76-01d01119b2f4",
   "metadata": {},
   "outputs": [],
   "source": []
  },
  {
   "cell_type": "code",
   "execution_count": 8,
   "id": "e4c6283c-a220-406c-a8af-68d56f5645f1",
   "metadata": {},
   "outputs": [],
   "source": [
    "left_input = []\n",
    "right_input = []\n",
    "\n",
    "for index, row in test.iterrows():\n",
    "\n",
    "    left_input.append( np.array(df.loc[row['PID1']]) )\n",
    "    right_input.append( np.array(df.loc[row['PID2']]) )"
   ]
  },
  {
   "cell_type": "code",
   "execution_count": 9,
   "id": "664c5ffa-3aea-49c8-a7ed-ca66cdf425f7",
   "metadata": {},
   "outputs": [],
   "source": [
    "left_input = np.array(left_input).reshape((105, 1700, 1))\n",
    "right_input = np.array(right_input).reshape((105, 1700, 1))"
   ]
  },
  {
   "cell_type": "code",
   "execution_count": null,
   "id": "e52de4c8-2a55-470c-8e58-f2c5fdccb77b",
   "metadata": {},
   "outputs": [],
   "source": []
  },
  {
   "cell_type": "markdown",
   "id": "71807bee-a675-451e-a015-5abe6486edd2",
   "metadata": {},
   "source": [
    "# Now let's predict the Jaccard Indices"
   ]
  },
  {
   "cell_type": "code",
   "execution_count": 10,
   "id": "3ffa5186-f67b-4209-8c41-633f23fcb1fe",
   "metadata": {},
   "outputs": [
    {
     "name": "stderr",
     "output_type": "stream",
     "text": [
      "2023-06-20 06:54:09.601141: I tensorflow/stream_executor/cuda/cuda_dnn.cc:368] Loaded cuDNN version 8100\n",
      "2023-06-20 06:54:16.048686: W tensorflow/stream_executor/gpu/asm_compiler.cc:80] Couldn't get ptxas version string: INTERNAL: Running ptxas --version returned 32512\n",
      "2023-06-20 06:54:16.083617: W tensorflow/stream_executor/gpu/redzone_allocator.cc:314] INTERNAL: ptxas exited with non-zero error code 32512, output: \n",
      "Relying on driver to perform ptx compilation. \n",
      "Modify $PATH to customize ptxas location.\n",
      "This message will be only logged once.\n"
     ]
    }
   ],
   "source": [
    "predicted = my_model.predict([left_input, right_input])"
   ]
  },
  {
   "cell_type": "code",
   "execution_count": 11,
   "id": "e0ef41d4-3e08-4996-832b-4c8549c8660e",
   "metadata": {},
   "outputs": [
    {
     "data": {
      "text/plain": [
       "PearsonRResult(statistic=array([0.5904797165420862], dtype=object), pvalue=3.3630189540342355e-11)"
      ]
     },
     "execution_count": 11,
     "metadata": {},
     "output_type": "execute_result"
    }
   ],
   "source": [
    "from scipy import stats\n",
    "\n",
    "stats.pearsonr([i for i in test.Jaccard_Index.values], predicted)"
   ]
  },
  {
   "cell_type": "code",
   "execution_count": 12,
   "id": "5c5a3e39-19dd-4353-8a35-6fff3554bd3b",
   "metadata": {},
   "outputs": [
    {
     "data": {
      "text/plain": [
       "0.0009493671471667375"
      ]
     },
     "execution_count": 12,
     "metadata": {},
     "output_type": "execute_result"
    }
   ],
   "source": [
    "from sklearn.metrics import mean_squared_error\n",
    "\n",
    "mean_squared_error([i for i in test.Jaccard_Index.values], predicted)"
   ]
  },
  {
   "cell_type": "code",
   "execution_count": 13,
   "id": "ce3d56cf-7a67-47d9-bcfc-20d5a1c83449",
   "metadata": {},
   "outputs": [
    {
     "data": {
      "text/plain": [
       "0.020815209871719267"
      ]
     },
     "execution_count": 13,
     "metadata": {},
     "output_type": "execute_result"
    }
   ],
   "source": [
    "from sklearn.metrics import mean_absolute_error\n",
    "\n",
    "mean_absolute_error([i for i in test.Jaccard_Index.values], predicted)"
   ]
  },
  {
   "cell_type": "markdown",
   "id": "27ac4509-98d7-43c1-a80d-fb62eea8af87",
   "metadata": {},
   "source": [
    "# Make matrix"
   ]
  },
  {
   "cell_type": "code",
   "execution_count": 14,
   "id": "7cbac68b-a130-4e9f-8663-4b43b7418ac3",
   "metadata": {},
   "outputs": [
    {
     "data": {
      "text/html": [
       "<div>\n",
       "<style scoped>\n",
       "    .dataframe tbody tr th:only-of-type {\n",
       "        vertical-align: middle;\n",
       "    }\n",
       "\n",
       "    .dataframe tbody tr th {\n",
       "        vertical-align: top;\n",
       "    }\n",
       "\n",
       "    .dataframe thead th {\n",
       "        text-align: right;\n",
       "    }\n",
       "</style>\n",
       "<table border=\"1\" class=\"dataframe\">\n",
       "  <thead>\n",
       "    <tr style=\"text-align: right;\">\n",
       "      <th></th>\n",
       "      <th>PXD017998</th>\n",
       "      <th>PXD003153</th>\n",
       "      <th>PXD006060</th>\n",
       "      <th>PXD024547</th>\n",
       "      <th>PXD020845</th>\n",
       "      <th>PXD009723</th>\n",
       "      <th>PXD011076</th>\n",
       "      <th>PXD020717</th>\n",
       "      <th>PXD012225</th>\n",
       "      <th>PXD004076</th>\n",
       "      <th>PXD027280</th>\n",
       "      <th>PXD009514</th>\n",
       "      <th>PXD026646</th>\n",
       "      <th>PXD014228</th>\n",
       "      <th>PXD011981</th>\n",
       "    </tr>\n",
       "  </thead>\n",
       "  <tbody>\n",
       "    <tr>\n",
       "      <th>PXD017998</th>\n",
       "      <td>1.000000</td>\n",
       "      <td>0.019989</td>\n",
       "      <td>0.033488</td>\n",
       "      <td>0.017159</td>\n",
       "      <td>0.017337</td>\n",
       "      <td>0.036137</td>\n",
       "      <td>0.018194</td>\n",
       "      <td>0.017081</td>\n",
       "      <td>0.003946</td>\n",
       "      <td>0.019608</td>\n",
       "      <td>0.008274</td>\n",
       "      <td>0.006445</td>\n",
       "      <td>0.037606</td>\n",
       "      <td>0.007766</td>\n",
       "      <td>0.009571</td>\n",
       "    </tr>\n",
       "    <tr>\n",
       "      <th>PXD003153</th>\n",
       "      <td>0.019989</td>\n",
       "      <td>1.000000</td>\n",
       "      <td>0.080448</td>\n",
       "      <td>0.022533</td>\n",
       "      <td>0.110306</td>\n",
       "      <td>0.020538</td>\n",
       "      <td>0.049461</td>\n",
       "      <td>0.035610</td>\n",
       "      <td>0.007240</td>\n",
       "      <td>0.114413</td>\n",
       "      <td>0.062871</td>\n",
       "      <td>0.008448</td>\n",
       "      <td>0.055676</td>\n",
       "      <td>0.063298</td>\n",
       "      <td>0.055729</td>\n",
       "    </tr>\n",
       "    <tr>\n",
       "      <th>PXD006060</th>\n",
       "      <td>0.033488</td>\n",
       "      <td>0.080448</td>\n",
       "      <td>1.000000</td>\n",
       "      <td>0.023210</td>\n",
       "      <td>0.065534</td>\n",
       "      <td>0.022049</td>\n",
       "      <td>0.036250</td>\n",
       "      <td>0.014151</td>\n",
       "      <td>0.019242</td>\n",
       "      <td>0.053606</td>\n",
       "      <td>0.033261</td>\n",
       "      <td>0.006410</td>\n",
       "      <td>0.054569</td>\n",
       "      <td>0.023967</td>\n",
       "      <td>0.019767</td>\n",
       "    </tr>\n",
       "    <tr>\n",
       "      <th>PXD024547</th>\n",
       "      <td>0.017159</td>\n",
       "      <td>0.022533</td>\n",
       "      <td>0.023210</td>\n",
       "      <td>1.000000</td>\n",
       "      <td>0.014561</td>\n",
       "      <td>0.008483</td>\n",
       "      <td>0.008841</td>\n",
       "      <td>0.009669</td>\n",
       "      <td>0.020654</td>\n",
       "      <td>0.019299</td>\n",
       "      <td>0.006177</td>\n",
       "      <td>0.000000</td>\n",
       "      <td>0.015067</td>\n",
       "      <td>0.005539</td>\n",
       "      <td>0.004973</td>\n",
       "    </tr>\n",
       "    <tr>\n",
       "      <th>PXD020845</th>\n",
       "      <td>0.017337</td>\n",
       "      <td>0.110306</td>\n",
       "      <td>0.065534</td>\n",
       "      <td>0.014561</td>\n",
       "      <td>1.000000</td>\n",
       "      <td>0.017500</td>\n",
       "      <td>0.066626</td>\n",
       "      <td>0.026421</td>\n",
       "      <td>0.009241</td>\n",
       "      <td>0.074670</td>\n",
       "      <td>0.072288</td>\n",
       "      <td>0.003835</td>\n",
       "      <td>0.043181</td>\n",
       "      <td>0.055278</td>\n",
       "      <td>0.045231</td>\n",
       "    </tr>\n",
       "    <tr>\n",
       "      <th>PXD009723</th>\n",
       "      <td>0.036137</td>\n",
       "      <td>0.020538</td>\n",
       "      <td>0.022049</td>\n",
       "      <td>0.008483</td>\n",
       "      <td>0.017500</td>\n",
       "      <td>1.000000</td>\n",
       "      <td>0.019027</td>\n",
       "      <td>0.010711</td>\n",
       "      <td>0.000000</td>\n",
       "      <td>0.016363</td>\n",
       "      <td>0.007107</td>\n",
       "      <td>0.007503</td>\n",
       "      <td>0.026151</td>\n",
       "      <td>0.005889</td>\n",
       "      <td>0.002759</td>\n",
       "    </tr>\n",
       "    <tr>\n",
       "      <th>PXD011076</th>\n",
       "      <td>0.018194</td>\n",
       "      <td>0.049461</td>\n",
       "      <td>0.036250</td>\n",
       "      <td>0.008841</td>\n",
       "      <td>0.066626</td>\n",
       "      <td>0.019027</td>\n",
       "      <td>1.000000</td>\n",
       "      <td>0.057166</td>\n",
       "      <td>0.011932</td>\n",
       "      <td>0.093775</td>\n",
       "      <td>0.048116</td>\n",
       "      <td>0.001123</td>\n",
       "      <td>0.043072</td>\n",
       "      <td>0.060426</td>\n",
       "      <td>0.046745</td>\n",
       "    </tr>\n",
       "    <tr>\n",
       "      <th>PXD020717</th>\n",
       "      <td>0.017081</td>\n",
       "      <td>0.035610</td>\n",
       "      <td>0.014151</td>\n",
       "      <td>0.009669</td>\n",
       "      <td>0.026421</td>\n",
       "      <td>0.010711</td>\n",
       "      <td>0.057166</td>\n",
       "      <td>1.000000</td>\n",
       "      <td>0.007244</td>\n",
       "      <td>0.072809</td>\n",
       "      <td>0.016829</td>\n",
       "      <td>0.001162</td>\n",
       "      <td>0.023843</td>\n",
       "      <td>0.024814</td>\n",
       "      <td>0.032014</td>\n",
       "    </tr>\n",
       "    <tr>\n",
       "      <th>PXD012225</th>\n",
       "      <td>0.003946</td>\n",
       "      <td>0.007240</td>\n",
       "      <td>0.019242</td>\n",
       "      <td>0.020654</td>\n",
       "      <td>0.009241</td>\n",
       "      <td>0.000000</td>\n",
       "      <td>0.011932</td>\n",
       "      <td>0.007244</td>\n",
       "      <td>1.000000</td>\n",
       "      <td>0.020877</td>\n",
       "      <td>0.007824</td>\n",
       "      <td>0.002165</td>\n",
       "      <td>0.010892</td>\n",
       "      <td>0.004342</td>\n",
       "      <td>0.003806</td>\n",
       "    </tr>\n",
       "    <tr>\n",
       "      <th>PXD004076</th>\n",
       "      <td>0.019608</td>\n",
       "      <td>0.114413</td>\n",
       "      <td>0.053606</td>\n",
       "      <td>0.019299</td>\n",
       "      <td>0.074670</td>\n",
       "      <td>0.016363</td>\n",
       "      <td>0.093775</td>\n",
       "      <td>0.072809</td>\n",
       "      <td>0.020877</td>\n",
       "      <td>1.000000</td>\n",
       "      <td>0.061136</td>\n",
       "      <td>0.004628</td>\n",
       "      <td>0.052891</td>\n",
       "      <td>0.061411</td>\n",
       "      <td>0.062977</td>\n",
       "    </tr>\n",
       "    <tr>\n",
       "      <th>PXD027280</th>\n",
       "      <td>0.008274</td>\n",
       "      <td>0.062871</td>\n",
       "      <td>0.033261</td>\n",
       "      <td>0.006177</td>\n",
       "      <td>0.072288</td>\n",
       "      <td>0.007107</td>\n",
       "      <td>0.048116</td>\n",
       "      <td>0.016829</td>\n",
       "      <td>0.007824</td>\n",
       "      <td>0.061136</td>\n",
       "      <td>1.000000</td>\n",
       "      <td>0.008191</td>\n",
       "      <td>0.100949</td>\n",
       "      <td>0.216575</td>\n",
       "      <td>0.144389</td>\n",
       "    </tr>\n",
       "    <tr>\n",
       "      <th>PXD009514</th>\n",
       "      <td>0.006445</td>\n",
       "      <td>0.008448</td>\n",
       "      <td>0.006410</td>\n",
       "      <td>0.000000</td>\n",
       "      <td>0.003835</td>\n",
       "      <td>0.007503</td>\n",
       "      <td>0.001123</td>\n",
       "      <td>0.001162</td>\n",
       "      <td>0.002165</td>\n",
       "      <td>0.004628</td>\n",
       "      <td>0.008191</td>\n",
       "      <td>1.000000</td>\n",
       "      <td>0.013216</td>\n",
       "      <td>0.003180</td>\n",
       "      <td>0.002624</td>\n",
       "    </tr>\n",
       "    <tr>\n",
       "      <th>PXD026646</th>\n",
       "      <td>0.037606</td>\n",
       "      <td>0.055676</td>\n",
       "      <td>0.054569</td>\n",
       "      <td>0.015067</td>\n",
       "      <td>0.043181</td>\n",
       "      <td>0.026151</td>\n",
       "      <td>0.043072</td>\n",
       "      <td>0.023843</td>\n",
       "      <td>0.010892</td>\n",
       "      <td>0.052891</td>\n",
       "      <td>0.100949</td>\n",
       "      <td>0.013216</td>\n",
       "      <td>1.000000</td>\n",
       "      <td>0.111277</td>\n",
       "      <td>0.076004</td>\n",
       "    </tr>\n",
       "    <tr>\n",
       "      <th>PXD014228</th>\n",
       "      <td>0.007766</td>\n",
       "      <td>0.063298</td>\n",
       "      <td>0.023967</td>\n",
       "      <td>0.005539</td>\n",
       "      <td>0.055278</td>\n",
       "      <td>0.005889</td>\n",
       "      <td>0.060426</td>\n",
       "      <td>0.024814</td>\n",
       "      <td>0.004342</td>\n",
       "      <td>0.061411</td>\n",
       "      <td>0.216575</td>\n",
       "      <td>0.003180</td>\n",
       "      <td>0.111277</td>\n",
       "      <td>1.000000</td>\n",
       "      <td>0.194747</td>\n",
       "    </tr>\n",
       "    <tr>\n",
       "      <th>PXD011981</th>\n",
       "      <td>0.009571</td>\n",
       "      <td>0.055729</td>\n",
       "      <td>0.019767</td>\n",
       "      <td>0.004973</td>\n",
       "      <td>0.045231</td>\n",
       "      <td>0.002759</td>\n",
       "      <td>0.046745</td>\n",
       "      <td>0.032014</td>\n",
       "      <td>0.003806</td>\n",
       "      <td>0.062977</td>\n",
       "      <td>0.144389</td>\n",
       "      <td>0.002624</td>\n",
       "      <td>0.076004</td>\n",
       "      <td>0.194747</td>\n",
       "      <td>1.000000</td>\n",
       "    </tr>\n",
       "  </tbody>\n",
       "</table>\n",
       "</div>"
      ],
      "text/plain": [
       "           PXD017998  PXD003153  PXD006060  PXD024547  PXD020845  PXD009723  \\\n",
       "PXD017998   1.000000   0.019989   0.033488   0.017159   0.017337   0.036137   \n",
       "PXD003153   0.019989   1.000000   0.080448   0.022533   0.110306   0.020538   \n",
       "PXD006060   0.033488   0.080448   1.000000   0.023210   0.065534   0.022049   \n",
       "PXD024547   0.017159   0.022533   0.023210   1.000000   0.014561   0.008483   \n",
       "PXD020845   0.017337   0.110306   0.065534   0.014561   1.000000   0.017500   \n",
       "PXD009723   0.036137   0.020538   0.022049   0.008483   0.017500   1.000000   \n",
       "PXD011076   0.018194   0.049461   0.036250   0.008841   0.066626   0.019027   \n",
       "PXD020717   0.017081   0.035610   0.014151   0.009669   0.026421   0.010711   \n",
       "PXD012225   0.003946   0.007240   0.019242   0.020654   0.009241   0.000000   \n",
       "PXD004076   0.019608   0.114413   0.053606   0.019299   0.074670   0.016363   \n",
       "PXD027280   0.008274   0.062871   0.033261   0.006177   0.072288   0.007107   \n",
       "PXD009514   0.006445   0.008448   0.006410   0.000000   0.003835   0.007503   \n",
       "PXD026646   0.037606   0.055676   0.054569   0.015067   0.043181   0.026151   \n",
       "PXD014228   0.007766   0.063298   0.023967   0.005539   0.055278   0.005889   \n",
       "PXD011981   0.009571   0.055729   0.019767   0.004973   0.045231   0.002759   \n",
       "\n",
       "           PXD011076  PXD020717  PXD012225  PXD004076  PXD027280  PXD009514  \\\n",
       "PXD017998   0.018194   0.017081   0.003946   0.019608   0.008274   0.006445   \n",
       "PXD003153   0.049461   0.035610   0.007240   0.114413   0.062871   0.008448   \n",
       "PXD006060   0.036250   0.014151   0.019242   0.053606   0.033261   0.006410   \n",
       "PXD024547   0.008841   0.009669   0.020654   0.019299   0.006177   0.000000   \n",
       "PXD020845   0.066626   0.026421   0.009241   0.074670   0.072288   0.003835   \n",
       "PXD009723   0.019027   0.010711   0.000000   0.016363   0.007107   0.007503   \n",
       "PXD011076   1.000000   0.057166   0.011932   0.093775   0.048116   0.001123   \n",
       "PXD020717   0.057166   1.000000   0.007244   0.072809   0.016829   0.001162   \n",
       "PXD012225   0.011932   0.007244   1.000000   0.020877   0.007824   0.002165   \n",
       "PXD004076   0.093775   0.072809   0.020877   1.000000   0.061136   0.004628   \n",
       "PXD027280   0.048116   0.016829   0.007824   0.061136   1.000000   0.008191   \n",
       "PXD009514   0.001123   0.001162   0.002165   0.004628   0.008191   1.000000   \n",
       "PXD026646   0.043072   0.023843   0.010892   0.052891   0.100949   0.013216   \n",
       "PXD014228   0.060426   0.024814   0.004342   0.061411   0.216575   0.003180   \n",
       "PXD011981   0.046745   0.032014   0.003806   0.062977   0.144389   0.002624   \n",
       "\n",
       "           PXD026646  PXD014228  PXD011981  \n",
       "PXD017998   0.037606   0.007766   0.009571  \n",
       "PXD003153   0.055676   0.063298   0.055729  \n",
       "PXD006060   0.054569   0.023967   0.019767  \n",
       "PXD024547   0.015067   0.005539   0.004973  \n",
       "PXD020845   0.043181   0.055278   0.045231  \n",
       "PXD009723   0.026151   0.005889   0.002759  \n",
       "PXD011076   0.043072   0.060426   0.046745  \n",
       "PXD020717   0.023843   0.024814   0.032014  \n",
       "PXD012225   0.010892   0.004342   0.003806  \n",
       "PXD004076   0.052891   0.061411   0.062977  \n",
       "PXD027280   0.100949   0.216575   0.144389  \n",
       "PXD009514   0.013216   0.003180   0.002624  \n",
       "PXD026646   1.000000   0.111277   0.076004  \n",
       "PXD014228   0.111277   1.000000   0.194747  \n",
       "PXD011981   0.076004   0.194747   1.000000  "
      ]
     },
     "execution_count": 14,
     "metadata": {},
     "output_type": "execute_result"
    }
   ],
   "source": [
    "table = pd.read_csv(\"applicability_data/ground_truth.csv\", index_col=0)\n",
    "table"
   ]
  },
  {
   "cell_type": "code",
   "execution_count": 15,
   "id": "8356ea0c-5dd9-44f0-8cf2-e4e9682e3dbb",
   "metadata": {},
   "outputs": [],
   "source": [
    "test_left = []\n",
    "test_right = []\n",
    "\n",
    "for i in table.index:\n",
    "    for j in table.columns:\n",
    "        \n",
    "        test_left.append(np.array(df.loc[i]))\n",
    "        test_right.append(np.array(df.loc[j]))\n",
    "        \n",
    "test_left = np.array(test_left)\n",
    "test_right = np.array(test_right)"
   ]
  },
  {
   "cell_type": "code",
   "execution_count": 16,
   "id": "0e2a8948-5ba0-4773-956a-49c1cd739704",
   "metadata": {},
   "outputs": [],
   "source": [
    "test_left = test_left.reshape(225,1700,1)\n",
    "test_right = test_right.reshape(225,1700,1)"
   ]
  },
  {
   "cell_type": "code",
   "execution_count": 18,
   "id": "b6c6ecc8-fffc-45c8-8b6a-18e7c77de9b1",
   "metadata": {},
   "outputs": [],
   "source": [
    "predicted = my_model.predict([test_left, test_right])"
   ]
  },
  {
   "cell_type": "code",
   "execution_count": 20,
   "id": "15c45496-81b5-4198-9f34-1d212d095ee5",
   "metadata": {},
   "outputs": [],
   "source": [
    "size = len(table.index)\n",
    "okay = pd.DataFrame()\n",
    "pairs = []\n",
    "\n",
    "test_left = []\n",
    "test_right = []\n",
    "\n",
    "table2 = table\n",
    "\n",
    "for i in table.index:\n",
    "    for j in table.columns:\n",
    "        \n",
    "        test_left.append(np.array(df.loc[i]))\n",
    "        test_right.append(np.array(df.loc[j]))\n",
    "        \n",
    "        test_left = np.array(test_left)\n",
    "        test_right = np.array(test_right)\n",
    "\n",
    "#        zebra = np.vstack(( np.array(df.loc[i]), np.array(df.loc[j])))\n",
    "        test_left = test_left.reshape(1,1700,1)\n",
    "        test_right = test_right.reshape(1,1700,1)\n",
    "        \n",
    "        # Calculate the similarity between the two indexed psms\n",
    "        similarity = my_model.predict([test_left, test_right])[0]\n",
    "        #similarity = 1 - spatial.distance.cosine(i, j)\n",
    "        \n",
    "        # Generate smilarity map\n",
    "        table2.loc[i, j] = similarity\n",
    "        \n",
    "        test_left = []\n",
    "        test_right = []"
   ]
  },
  {
   "cell_type": "code",
   "execution_count": null,
   "id": "15c92021-0650-4e51-b11a-271b9f0814b7",
   "metadata": {},
   "outputs": [],
   "source": []
  },
  {
   "cell_type": "code",
   "execution_count": 21,
   "id": "00361868-85e3-4e9a-8bc8-719b2f0ce513",
   "metadata": {},
   "outputs": [],
   "source": [
    "test = np.array(table2)\n",
    "np.fill_diagonal(test, 1)"
   ]
  },
  {
   "cell_type": "code",
   "execution_count": 22,
   "id": "66079573-2561-48de-8d0b-360bd51cf246",
   "metadata": {},
   "outputs": [
    {
     "data": {
      "text/plain": [
       "array([[1.        , 0.03151296, 0.01154663, 0.0198444 , 0.0233278 ,\n",
       "        0.03174458, 0.0127703 , 0.01226428, 0.01113459, 0.01285568,\n",
       "        0.01117143, 0.02460096, 0.02421433, 0.0088133 , 0.00946683],\n",
       "       [0.03151296, 1.        , 0.04379108, 0.04616698, 0.0675729 ,\n",
       "        0.04183128, 0.05395376, 0.0240075 , 0.01200713, 0.05325083,\n",
       "        0.04207384, 0.05218251, 0.05054478, 0.03601097, 0.0438031 ],\n",
       "       [0.01154663, 0.04379108, 1.        , 0.03498464, 0.05032115,\n",
       "        0.02705652, 0.05670497, 0.02721084, 0.00978378, 0.0786017 ,\n",
       "        0.05642802, 0.04846989, 0.04792071, 0.04840351, 0.05336954],\n",
       "       [0.0198444 , 0.04616698, 0.03498464, 1.        , 0.03952667,\n",
       "        0.02394496, 0.03819481, 0.02441032, 0.01566306, 0.04598018,\n",
       "        0.0505157 , 0.03152128, 0.04860799, 0.04175373, 0.04073431],\n",
       "       [0.0233278 , 0.0675729 , 0.05032115, 0.03952667, 1.        ,\n",
       "        0.04110895, 0.05605805, 0.01940275, 0.01056366, 0.06354914,\n",
       "        0.03871415, 0.0614407 , 0.04545025, 0.03056105, 0.04979199],\n",
       "       [0.03174458, 0.04183128, 0.02705652, 0.02394496, 0.04110895,\n",
       "        1.        , 0.02726255, 0.01925864, 0.01060247, 0.02819828,\n",
       "        0.01685965, 0.03654724, 0.02769812, 0.01339839, 0.0174499 ],\n",
       "       [0.0127703 , 0.05395376, 0.05670497, 0.03819481, 0.05605805,\n",
       "        0.02726255, 1.        , 0.03453378, 0.01015286, 0.08421125,\n",
       "        0.05569831, 0.03425093, 0.04272758, 0.05469281, 0.07516394],\n",
       "       [0.01226428, 0.0240075 , 0.02721084, 0.02441032, 0.01940275,\n",
       "        0.01925864, 0.03453378, 1.        , 0.01236288, 0.03448022,\n",
       "        0.03704247, 0.0215378 , 0.02684255, 0.02878044, 0.03090946],\n",
       "       [0.01113459, 0.01200713, 0.00978378, 0.01566306, 0.01056366,\n",
       "        0.01060247, 0.01015286, 0.01236288, 1.        , 0.01259769,\n",
       "        0.01027129, 0.01407511, 0.01184246, 0.01017179, 0.00961789],\n",
       "       [0.01285568, 0.05325083, 0.0786017 , 0.04598018, 0.06354914,\n",
       "        0.02819828, 0.08421125, 0.03448022, 0.01259769, 1.        ,\n",
       "        0.08611324, 0.04310128, 0.05571406, 0.06278419, 0.10449132],\n",
       "       [0.01117143, 0.04207384, 0.05642802, 0.0505157 , 0.03871415,\n",
       "        0.01685965, 0.05569831, 0.03704247, 0.01027129, 0.08611324,\n",
       "        1.        , 0.03537431, 0.04172628, 0.06950975, 0.07780008],\n",
       "       [0.02460096, 0.05218251, 0.04846989, 0.03152128, 0.0614407 ,\n",
       "        0.03654724, 0.03425093, 0.0215378 , 0.01407511, 0.04310128,\n",
       "        0.03537431, 1.        , 0.04767461, 0.02504907, 0.03064605],\n",
       "       [0.02421433, 0.05054478, 0.04792071, 0.04860799, 0.04545025,\n",
       "        0.02769812, 0.04272758, 0.02684255, 0.01184246, 0.05571406,\n",
       "        0.04172628, 0.04767461, 1.        , 0.03082768, 0.05239961],\n",
       "       [0.0088133 , 0.03601097, 0.04840351, 0.04175373, 0.03056105,\n",
       "        0.01339839, 0.05469281, 0.02878044, 0.01017179, 0.06278419,\n",
       "        0.06950975, 0.02504907, 0.03082768, 1.        , 0.07040469],\n",
       "       [0.00946683, 0.0438031 , 0.05336954, 0.04073431, 0.04979199,\n",
       "        0.0174499 , 0.07516394, 0.03090946, 0.00961789, 0.10449132,\n",
       "        0.07780008, 0.03064605, 0.05239961, 0.07040469, 1.        ]])"
      ]
     },
     "execution_count": 22,
     "metadata": {},
     "output_type": "execute_result"
    }
   ],
   "source": [
    "test"
   ]
  },
  {
   "cell_type": "code",
   "execution_count": 23,
   "id": "89175b5e-e37a-4762-b7e8-2dcf6e65b21a",
   "metadata": {},
   "outputs": [
    {
     "data": {
      "text/html": [
       "<div>\n",
       "<style scoped>\n",
       "    .dataframe tbody tr th:only-of-type {\n",
       "        vertical-align: middle;\n",
       "    }\n",
       "\n",
       "    .dataframe tbody tr th {\n",
       "        vertical-align: top;\n",
       "    }\n",
       "\n",
       "    .dataframe thead th {\n",
       "        text-align: right;\n",
       "    }\n",
       "</style>\n",
       "<table border=\"1\" class=\"dataframe\">\n",
       "  <thead>\n",
       "    <tr style=\"text-align: right;\">\n",
       "      <th></th>\n",
       "      <th>PXD017998</th>\n",
       "      <th>PXD003153</th>\n",
       "      <th>PXD006060</th>\n",
       "      <th>PXD024547</th>\n",
       "      <th>PXD020845</th>\n",
       "      <th>PXD009723</th>\n",
       "      <th>PXD011076</th>\n",
       "      <th>PXD020717</th>\n",
       "      <th>PXD012225</th>\n",
       "      <th>PXD004076</th>\n",
       "      <th>PXD027280</th>\n",
       "      <th>PXD009514</th>\n",
       "      <th>PXD026646</th>\n",
       "      <th>PXD014228</th>\n",
       "      <th>PXD011981</th>\n",
       "    </tr>\n",
       "  </thead>\n",
       "  <tbody>\n",
       "    <tr>\n",
       "      <th>PXD017998</th>\n",
       "      <td>1.000000</td>\n",
       "      <td>0.031513</td>\n",
       "      <td>0.011547</td>\n",
       "      <td>0.019844</td>\n",
       "      <td>0.023328</td>\n",
       "      <td>0.031745</td>\n",
       "      <td>0.012770</td>\n",
       "      <td>0.012264</td>\n",
       "      <td>0.011135</td>\n",
       "      <td>0.012856</td>\n",
       "      <td>0.011171</td>\n",
       "      <td>0.024601</td>\n",
       "      <td>0.024214</td>\n",
       "      <td>0.008813</td>\n",
       "      <td>0.009467</td>\n",
       "    </tr>\n",
       "    <tr>\n",
       "      <th>PXD003153</th>\n",
       "      <td>0.031513</td>\n",
       "      <td>1.000000</td>\n",
       "      <td>0.043791</td>\n",
       "      <td>0.046167</td>\n",
       "      <td>0.067573</td>\n",
       "      <td>0.041831</td>\n",
       "      <td>0.053954</td>\n",
       "      <td>0.024008</td>\n",
       "      <td>0.012007</td>\n",
       "      <td>0.053251</td>\n",
       "      <td>0.042074</td>\n",
       "      <td>0.052183</td>\n",
       "      <td>0.050545</td>\n",
       "      <td>0.036011</td>\n",
       "      <td>0.043803</td>\n",
       "    </tr>\n",
       "    <tr>\n",
       "      <th>PXD006060</th>\n",
       "      <td>0.011547</td>\n",
       "      <td>0.043791</td>\n",
       "      <td>1.000000</td>\n",
       "      <td>0.034985</td>\n",
       "      <td>0.050321</td>\n",
       "      <td>0.027057</td>\n",
       "      <td>0.056705</td>\n",
       "      <td>0.027211</td>\n",
       "      <td>0.009784</td>\n",
       "      <td>0.078602</td>\n",
       "      <td>0.056428</td>\n",
       "      <td>0.048470</td>\n",
       "      <td>0.047921</td>\n",
       "      <td>0.048404</td>\n",
       "      <td>0.053370</td>\n",
       "    </tr>\n",
       "    <tr>\n",
       "      <th>PXD024547</th>\n",
       "      <td>0.019844</td>\n",
       "      <td>0.046167</td>\n",
       "      <td>0.034985</td>\n",
       "      <td>1.000000</td>\n",
       "      <td>0.039527</td>\n",
       "      <td>0.023945</td>\n",
       "      <td>0.038195</td>\n",
       "      <td>0.024410</td>\n",
       "      <td>0.015663</td>\n",
       "      <td>0.045980</td>\n",
       "      <td>0.050516</td>\n",
       "      <td>0.031521</td>\n",
       "      <td>0.048608</td>\n",
       "      <td>0.041754</td>\n",
       "      <td>0.040734</td>\n",
       "    </tr>\n",
       "    <tr>\n",
       "      <th>PXD020845</th>\n",
       "      <td>0.023328</td>\n",
       "      <td>0.067573</td>\n",
       "      <td>0.050321</td>\n",
       "      <td>0.039527</td>\n",
       "      <td>1.000000</td>\n",
       "      <td>0.041109</td>\n",
       "      <td>0.056058</td>\n",
       "      <td>0.019403</td>\n",
       "      <td>0.010564</td>\n",
       "      <td>0.063549</td>\n",
       "      <td>0.038714</td>\n",
       "      <td>0.061441</td>\n",
       "      <td>0.045450</td>\n",
       "      <td>0.030561</td>\n",
       "      <td>0.049792</td>\n",
       "    </tr>\n",
       "    <tr>\n",
       "      <th>PXD009723</th>\n",
       "      <td>0.031745</td>\n",
       "      <td>0.041831</td>\n",
       "      <td>0.027057</td>\n",
       "      <td>0.023945</td>\n",
       "      <td>0.041109</td>\n",
       "      <td>1.000000</td>\n",
       "      <td>0.027263</td>\n",
       "      <td>0.019259</td>\n",
       "      <td>0.010602</td>\n",
       "      <td>0.028198</td>\n",
       "      <td>0.016860</td>\n",
       "      <td>0.036547</td>\n",
       "      <td>0.027698</td>\n",
       "      <td>0.013398</td>\n",
       "      <td>0.017450</td>\n",
       "    </tr>\n",
       "    <tr>\n",
       "      <th>PXD011076</th>\n",
       "      <td>0.012770</td>\n",
       "      <td>0.053954</td>\n",
       "      <td>0.056705</td>\n",
       "      <td>0.038195</td>\n",
       "      <td>0.056058</td>\n",
       "      <td>0.027263</td>\n",
       "      <td>1.000000</td>\n",
       "      <td>0.034534</td>\n",
       "      <td>0.010153</td>\n",
       "      <td>0.084211</td>\n",
       "      <td>0.055698</td>\n",
       "      <td>0.034251</td>\n",
       "      <td>0.042728</td>\n",
       "      <td>0.054693</td>\n",
       "      <td>0.075164</td>\n",
       "    </tr>\n",
       "    <tr>\n",
       "      <th>PXD020717</th>\n",
       "      <td>0.012264</td>\n",
       "      <td>0.024008</td>\n",
       "      <td>0.027211</td>\n",
       "      <td>0.024410</td>\n",
       "      <td>0.019403</td>\n",
       "      <td>0.019259</td>\n",
       "      <td>0.034534</td>\n",
       "      <td>1.000000</td>\n",
       "      <td>0.012363</td>\n",
       "      <td>0.034480</td>\n",
       "      <td>0.037042</td>\n",
       "      <td>0.021538</td>\n",
       "      <td>0.026843</td>\n",
       "      <td>0.028780</td>\n",
       "      <td>0.030909</td>\n",
       "    </tr>\n",
       "    <tr>\n",
       "      <th>PXD012225</th>\n",
       "      <td>0.011135</td>\n",
       "      <td>0.012007</td>\n",
       "      <td>0.009784</td>\n",
       "      <td>0.015663</td>\n",
       "      <td>0.010564</td>\n",
       "      <td>0.010602</td>\n",
       "      <td>0.010153</td>\n",
       "      <td>0.012363</td>\n",
       "      <td>1.000000</td>\n",
       "      <td>0.012598</td>\n",
       "      <td>0.010271</td>\n",
       "      <td>0.014075</td>\n",
       "      <td>0.011842</td>\n",
       "      <td>0.010172</td>\n",
       "      <td>0.009618</td>\n",
       "    </tr>\n",
       "    <tr>\n",
       "      <th>PXD004076</th>\n",
       "      <td>0.012856</td>\n",
       "      <td>0.053251</td>\n",
       "      <td>0.078602</td>\n",
       "      <td>0.045980</td>\n",
       "      <td>0.063549</td>\n",
       "      <td>0.028198</td>\n",
       "      <td>0.084211</td>\n",
       "      <td>0.034480</td>\n",
       "      <td>0.012598</td>\n",
       "      <td>1.000000</td>\n",
       "      <td>0.086113</td>\n",
       "      <td>0.043101</td>\n",
       "      <td>0.055714</td>\n",
       "      <td>0.062784</td>\n",
       "      <td>0.104491</td>\n",
       "    </tr>\n",
       "    <tr>\n",
       "      <th>PXD027280</th>\n",
       "      <td>0.011171</td>\n",
       "      <td>0.042074</td>\n",
       "      <td>0.056428</td>\n",
       "      <td>0.050516</td>\n",
